import matplotlib.pyplot as plt
import pandas as pd
import seaborn as sns
from sklearn.datasets import load_boston
    

def f_1735(seed=42):
    """
    Draw the correlation heatmap of the Boston Housing dataset using Seaborn, with an option to save it to a specified file.

    Parameters:
        seed (int, optional): Random seed for reproducibility. Defaults to 42.
    The font should be in the family of sans-serif and Arial.

    Returns:
        matplotlib.axes.Axes: The Axes object containing the heatmap plot.

    Raises:
        ValueError: If an error occurs in generating or saving the plot.

    Requirements:
        - matplotlib
        - os
        - pandas
        - seaborn
        - sklearn.datasets (scikit-learn==1.1.1)

    Example:
        >>> ax = f_1735()
        >>> type(ax)
        <class 'matplotlib.axes._axes.Axes'>
    """
    try:
        # Set font to Arial
        font = {'sans-serif': 'Arial', 'family': 'sans-serif'}
        plt.rc('font', **font)

        boston = load_boston()
        boston_df = pd.DataFrame(data=boston.data, columns=boston.feature_names)
        corr = boston_df.corr()

        sns.set_theme(style="white")  # Optional: for better aesthetics
        plt.figure(figsize=(10, 8))  # Optional: adjust the size of the heatmap
        ax = sns.heatmap(corr, annot=True)  # 'annot=True' to display correlation values
        # if file_path:
        #     plt.savefig(file_path)

        return ax

    except Exception as e:
        raise ValueError(f"An error occurred: {e}")

import unittest
import matplotlib.pyplot as plt

class TestCases(unittest.TestCase):

    def test_basic_functionality(self):
        ax = f_1735()
        self.assertIsInstance(ax, plt.Axes)

    def test_heatmap_features(self):
        ax = f_1735()
        heatmap_data = ax.get_children()[0].get_array().data
        self.assertEqual(heatmap_data.shape, (169,))  # Assuming Boston dataset has 13 features
    
    def test_heatmap_values(self):
        ax = f_1735()
        heatmap_data = ax.get_children()[0].get_array().data
        
        expect = [1.0, -0.20046921966254744, 0.4065834114062594, -0.05589158222224156, 0.4209717113924554, -0.21924670286251308, 0.3527342509013634, -0.37967008695102467, 0.6255051452626024, 0.5827643120325854, 0.2899455792795226, -0.3850639419942239, 0.4556214794479463, -0.20046921966254744, 1.0, -0.5338281863044696, -0.04269671929612169, -0.5166037078279843, 0.31199058737409047, -0.5695373420992109, 0.6644082227621105, -0.3119478260185367, -0.3145633246775997, -0.3916785479362161, 0.1755203173828273, -0.41299457452700283, 0.4065834114062594, -0.5338281863044696, 1.0, 0.06293802748966515, 0.7636514469209139, -0.39167585265684274, 0.6447785113552554, -0.7080269887427675, 0.5951292746038485, 0.7207601799515422, 0.38324755642888936, -0.3569765351041928, 0.603799716476621, -0.05589158222224156, -0.04269671929612169, 0.06293802748966515, 1.0, 0.09120280684249558, 0.09125122504345677, 0.08651777425454328, -0.09917578017472799, -0.00736824088607757, -0.03558651758591146, -0.12151517365806228, 0.048788484955166495, -0.05392929837569424, 0.4209717113924554, -0.5166037078279843, 0.7636514469209139, 0.09120280684249558, 1.0, -0.3021881878495924, 0.7314701037859592, -0.7692301132258282, 0.6114405634855762, 0.6680232004030217, 0.18893267711276884, -0.3800506377924, 0.5908789208808451, -0.21924670286251308, 0.31199058737409047, -0.39167585265684274, 0.09125122504345677, -0.3021881878495924, 1.0, -0.24026493104775065, 0.20524621293005416, -0.20984666776610833, -0.2920478326232189, -0.35550149455908525, 0.1280686350925421, -0.6138082718663955, 0.3527342509013634, -0.5695373420992109, 0.6447785113552554, 0.08651777425454328, 0.7314701037859592, -0.24026493104775065, 1.0, -0.747880540868632, 0.4560224517516137, 0.5064555935507051, 0.2615150116719584, -0.273533976638513, 0.6023385287262395, -0.37967008695102467, 0.6644082227621105, -0.7080269887427675, -0.09917578017472799, -0.7692301132258282, 0.20524621293005416, -0.747880540868632, 1.0, -0.4945879296720758, -0.5344315844084577, -0.23247054240825826, 0.2915116731330399, -0.4969958308636848, 0.6255051452626024, -0.3119478260185367, 0.5951292746038485, -0.00736824088607757, 0.6114405634855762, -0.20984666776610833, 0.4560224517516137, -0.4945879296720758, 1.0, 0.9102281885331865, 0.46474117850306057, -0.44441281557512585, 0.4886763349750666, 0.5827643120325854, -0.3145633246775997, 0.7207601799515422, -0.03558651758591146, 0.6680232004030217, -0.2920478326232189, 0.5064555935507051, -0.5344315844084577, 0.9102281885331865, 1.0, 0.4608530350656702, -0.44180800672281423, 0.5439934120015698, 0.2899455792795226, -0.3916785479362161, 0.38324755642888936, -0.12151517365806228, 0.18893267711276884, -0.35550149455908525, 0.2615150116719584, -0.23247054240825826, 0.46474117850306057, 0.4608530350656702, 1.0, -0.1773833023052333, 0.3740443167146772, -0.3850639419942239, 0.1755203173828273, -0.3569765351041928, 0.048788484955166495, -0.3800506377924, 0.1280686350925421, -0.273533976638513, 0.2915116731330399, -0.44441281557512585, -0.44180800672281423, -0.1773833023052333, 1.0, -0.36608690169159663, 0.4556214794479463, -0.41299457452700283, 0.603799716476621, -0.05392929837569424, 0.5908789208808451, -0.6138082718663955, 0.6023385287262395, -0.4969958308636848, 0.4886763349750666, 0.5439934120015698, 0.3740443167146772, -0.36608690169159663, 1.0]
        self.assertAlmostEqual(heatmap_data.tolist(), expect, "DataFrame contents should match the expected output")

    def test_plot_appearance(self):
        ax = f_1735()
        self.assertEqual(ax.get_xlabel(), "")
        self.assertEqual(ax.get_ylabel(), "")
        self.assertEqual(ax.get_title(), "")

def run_tests():
    """Run all tests for this function."""
    loader = unittest.TestLoader()
    suite = loader.loadTestsFromTestCase(TestCases)
    runner = unittest.TextTestRunner()
    runner.run(suite)

if __name__ == "__main__":
    import doctest
    doctest.testmod()
    run_tests()